time_ns helix_frac turn_frac bend_frac coil_frac sheet_frac ppii_frac break_frac n_frames
0.500 0.3510 0.1265 0.1213 0.2071 0.1722 0.0200 0.0019 50
1.500 0.3507 0.1235 0.1260 0.2056 0.1730 0.0193 0.0019 50
2.500 0.3455 0.1294 0.1230 0.2030 0.1751 0.0221 0.0019 50
3.500 0.3454 0.1252 0.1262 0.2054 0.1729 0.0229 0.0019 50
4.500 0.3425 0.1314 0.1238 0.2055 0.1739 0.0210 0.0019 50
5.500 0.3495 0.1227 0.1259 0.2052 0.1744 0.0203 0.0019 50
6.500 0.3534 0.1188 0.1277 0.2026 0.1737 0.0221 0.0019 50
7.500 0.3473 0.1273 0.1240 0.1999 0.1746 0.0251 0.0019 50
8.500 0.3449 0.1303 0.1209 0.2025 0.1750 0.0246 0.0019 50
9.500 0.3512 0.1236 0.1229 0.2004 0.1738 0.0263 0.0019 50
10.500 0.3466 0.1259 0.1258 0.2014 0.1722 0.0261 0.0019 50
11.500 0.3448 0.1222 0.1317 0.1965 0.1744 0.0284 0.0019 50
12.500 0.3470 0.1206 0.1313 0.2003 0.1757 0.0233 0.0019 50
13.500 0.3433 0.1227 0.1324 0.2003 0.1753 0.0241 0.0019 50
14.500 0.3391 0.1310 0.1282 0.2011 0.1730 0.0257 0.0019 50
15.500 0.3420 0.1263 0.1290 0.2035 0.1721 0.0251 0.0019 50
16.500 0.3469 0.1222 0.1268 0.2048 0.1709 0.0266 0.0019 50
17.500 0.3441 0.1260 0.1259 0.2064 0.1732 0.0226 0.0019 50
18.500 0.3427 0.1284 0.1288 0.2040 0.1719 0.0225 0.0019 50
19.500 0.3436 0.1278 0.1276 0.2052 0.1713 0.0226 0.0019 50
20.500 0.3437 0.1273 0.1307 0.2013 0.1721 0.0231 0.0019 50
21.500 0.3415 0.1308 0.1281 0.2007 0.1738 0.0233 0.0019 50
22.500 0.3381 0.1312 0.1291 0.2036 0.1722 0.0238 0.0019 50
23.500 0.3412 0.1283 0.1304 0.2009 0.1726 0.0247 0.0019 50
24.500 0.3401 0.1269 0.1353 0.1997 0.1715 0.0246 0.0019 50
25.500 0.3450 0.1269 0.1292 0.2012 0.1709 0.0249 0.0019 50
26.500 0.3504 0.1243 0.1260 0.2083 0.1694 0.0197 0.0019 50
27.500 0.3460 0.1280 0.1250 0.2093 0.1700 0.0199 0.0019 50
28.500 0.3459 0.1265 0.1267 0.2081 0.1694 0.0214 0.0019 50
29.500 0.3470 0.1240 0.1232 0.2090 0.1735 0.0213 0.0019 50
30.500 0.3472 0.1268 0.1213 0.2102 0.1701 0.0225 0.0019 50
31.500 0.3459 0.1211 0.1239 0.2155 0.1690 0.0228 0.0019 50
32.500 0.3515 0.1163 0.1254 0.2074 0.1704 0.0270 0.0019 50
33.500 0.3460 0.1229 0.1279 0.2063 0.1697 0.0253 0.0019 50
34.500 0.3435 0.1241 0.1289 0.2086 0.1672 0.0259 0.0019 50
35.500 0.3460 0.1241 0.1279 0.2099 0.1663 0.0239 0.0019 50
36.500 0.3430 0.1236 0.1307 0.2079 0.1663 0.0266 0.0019 50
37.500 0.3416 0.1257 0.1269 0.2113 0.1660 0.0264 0.0019 50
38.500 0.3482 0.1240 0.1267 0.2073 0.1659 0.0260 0.0019 50
39.500 0.3494 0.1231 0.1288 0.2013 0.1676 0.0279 0.0019 50
40.500 0.3472 0.1224 0.1293 0.2029 0.1696 0.0267 0.0019 50
41.500 0.3410 0.1283 0.1321 0.2015 0.1672 0.0279 0.0019 50
42.500 0.3435 0.1293 0.1291 0.2030 0.1674 0.0259 0.0019 50
43.500 0.3490 0.1224 0.1256 0.2092 0.1694 0.0226 0.0019 50
44.500 0.3450 0.1235 0.1242 0.2096 0.1719 0.0241 0.0019 50
45.500 0.3465 0.1220 0.1249 0.2093 0.1750 0.0203 0.0019 50
46.500 0.3499 0.1146 0.1256 0.2153 0.1713 0.0215 0.0019 50
47.500 0.3439 0.1157 0.1303 0.2182 0.1697 0.0203 0.0019 50
48.500 0.3376 0.1239 0.1328 0.2123 0.1700 0.0215 0.0019 50
49.500 0.3384 0.1224 0.1367 0.2106 0.1674 0.0226 0.0019 50
50.500 0.3384 0.1255 0.1322 0.2126 0.1663 0.0231 0.0019 50
51.500 0.3443 0.1181 0.1348 0.2082 0.1706 0.0222 0.0019 50
52.500 0.3415 0.1194 0.1338 0.2110 0.1703 0.0221 0.0019 50
53.500 0.3427 0.1203 0.1340 0.2069 0.1719 0.0222 0.0019 50
54.500 0.3404 0.1243 0.1317 0.2047 0.1713 0.0257 0.0019 50
55.500 0.3396 0.1260 0.1297 0.2063 0.1693 0.0271 0.0019 50
56.500 0.3433 0.1216 0.1279 0.2086 0.1688 0.0279 0.0019 50
57.500 0.3449 0.1126 0.1299 0.2113 0.1707 0.0288 0.0019 50
58.500 0.3454 0.1172 0.1253 0.2106 0.1713 0.0282 0.0019 50
59.500 0.3471 0.1135 0.1310 0.2083 0.1693 0.0290 0.0019 50
60.500 0.3472 0.1128 0.1328 0.2043 0.1689 0.0321 0.0019 50
61.500 0.3485 0.1110 0.1297 0.2091 0.1713 0.0285 0.0019 50
62.500 0.3475 0.1130 0.1279 0.2110 0.1705 0.0282 0.0019 50
63.500 0.3450 0.1167 0.1266 0.2096 0.1707 0.0296 0.0019 50
64.500 0.3454 0.1180 0.1253 0.2084 0.1701 0.0310 0.0019 50
65.500 0.3462 0.1179 0.1250 0.2121 0.1679 0.0290 0.0019 50
66.500 0.3469 0.1145 0.1280 0.2095 0.1730 0.0262 0.0019 50
67.500 0.3363 0.1253 0.1292 0.2120 0.1688 0.0266 0.0019 50
68.500 0.3422 0.1155 0.1283 0.2165 0.1672 0.0284 0.0019 50
69.500 0.3402 0.1197 0.1266 0.2137 0.1672 0.0307 0.0019 50
70.500 0.3416 0.1219 0.1243 0.2143 0.1680 0.0280 0.0019 50
71.500 0.3463 0.1172 0.1258 0.2114 0.1691 0.0284 0.0019 50
72.500 0.3388 0.1216 0.1312 0.2094 0.1693 0.0279 0.0019 50
73.500 0.3415 0.1205 0.1299 0.2081 0.1697 0.0284 0.0019 50
74.500 0.3437 0.1210 0.1288 0.2140 0.1653 0.0253 0.0019 50
75.500 0.3438 0.1163 0.1341 0.2142 0.1671 0.0226 0.0019 50
76.500 0.3364 0.1190 0.1391 0.2142 0.1683 0.0210 0.0019 50
77.500 0.3409 0.1163 0.1352 0.2149 0.1687 0.0222 0.0019 50
78.500 0.3417 0.1172 0.1337 0.2165 0.1654 0.0237 0.0019 50
79.500 0.3359 0.1231 0.1317 0.2203 0.1626 0.0246 0.0019 50
80.500 0.3316 0.1239 0.1334 0.2185 0.1662 0.0246 0.0019 50
81.500 0.3299 0.1298 0.1296 0.2181 0.1673 0.0233 0.0019 50
82.500 0.3350 0.1272 0.1299 0.2100 0.1695 0.0265 0.0019 50
83.500 0.3392 0.1214 0.1297 0.2126 0.1675 0.0277 0.0019 50
84.500 0.3420 0.1211 0.1283 0.2151 0.1671 0.0245 0.0019 50
85.500 0.3327 0.1297 0.1275 0.2125 0.1681 0.0278 0.0019 50
86.500 0.3351 0.1297 0.1273 0.2109 0.1698 0.0253 0.0019 50
87.500 0.3367 0.1238 0.1294 0.2132 0.1692 0.0259 0.0019 50
88.500 0.3325 0.1320 0.1264 0.2136 0.1698 0.0238 0.0019 50
89.500 0.3331 0.1257 0.1296 0.2187 0.1684 0.0227 0.0019 50
90.500 0.3351 0.1246 0.1312 0.2166 0.1658 0.0249 0.0019 50
91.500 0.3382 0.1267 0.1282 0.2176 0.1660 0.0215 0.0019 50
92.500 0.3419 0.1237 0.1260 0.2173 0.1676 0.0218 0.0019 50
93.500 0.3384 0.1268 0.1290 0.2159 0.1654 0.0225 0.0019 50
94.500 0.3453 0.1223 0.1256 0.2098 0.1688 0.0263 0.0019 50
95.500 0.3393 0.1249 0.1229 0.2190 0.1659 0.0262 0.0019 50
96.500 0.3335 0.1314 0.1238 0.2137 0.1683 0.0274 0.0019 50
97.500 0.3368 0.1272 0.1273 0.2142 0.1668 0.0259 0.0019 50
98.500 0.3371 0.1218 0.1317 0.2155 0.1675 0.0246 0.0019 50
99.500 0.3382 0.1200 0.1290 0.2140 0.1679 0.0290 0.0019 51
