time_ns helix_frac turn_frac bend_frac coil_frac sheet_frac ppii_frac break_frac n_frames
0.500 0.0000 0.5714 0.0000 0.4286 0.0000 0.0000 0.0000 50
1.500 0.0000 0.5714 0.0000 0.4286 0.0000 0.0000 0.0000 50
2.500 0.0000 0.5714 0.0000 0.4286 0.0000 0.0000 0.0000 50
3.500 0.0000 0.5714 0.0000 0.4286 0.0000 0.0000 0.0000 50
4.500 0.0000 0.5714 0.0000 0.4286 0.0000 0.0000 0.0000 50
5.500 0.0000 0.5714 0.0000 0.4286 0.0000 0.0000 0.0000 50
6.500 0.0000 0.5714 0.0000 0.4286 0.0000 0.0000 0.0000 50
7.500 0.0000 0.5714 0.0000 0.4286 0.0000 0.0000 0.0000 50
8.500 0.0000 0.5714 0.0000 0.4286 0.0000 0.0000 0.0000 50
9.500 0.0000 0.5714 0.0000 0.4286 0.0000 0.0000 0.0000 50
10.500 0.0000 0.5714 0.0000 0.4286 0.0000 0.0000 0.0000 50
11.500 0.0000 0.5714 0.0000 0.4286 0.0000 0.0000 0.0000 50
12.500 0.0000 0.5714 0.0000 0.4286 0.0000 0.0000 0.0000 50
13.500 0.0457 0.5229 0.0000 0.4314 0.0000 0.0000 0.0000 50
14.500 0.0000 0.5629 0.0057 0.4314 0.0000 0.0000 0.0000 50
15.500 0.0000 0.5714 0.0000 0.4286 0.0000 0.0000 0.0000 50
16.500 0.0000 0.5714 0.0000 0.4286 0.0000 0.0000 0.0000 50
17.500 0.0000 0.5714 0.0000 0.4286 0.0000 0.0000 0.0000 50
18.500 0.0000 0.5714 0.0000 0.4286 0.0000 0.0000 0.0000 50
19.500 0.0000 0.5714 0.0000 0.4286 0.0000 0.0000 0.0000 50
20.500 0.0000 0.5714 0.0000 0.4286 0.0000 0.0000 0.0000 50
21.500 0.0000 0.5714 0.0000 0.4286 0.0000 0.0000 0.0000 50
22.500 0.0114 0.5486 0.0086 0.4314 0.0000 0.0000 0.0000 50
23.500 0.0000 0.5686 0.0029 0.4286 0.0000 0.0000 0.0000 50
24.500 0.0000 0.5714 0.0000 0.4286 0.0000 0.0000 0.0000 50
25.500 0.0000 0.5714 0.0000 0.4286 0.0000 0.0000 0.0000 50
26.500 0.4171 0.1314 0.0114 0.4400 0.0000 0.0000 0.0000 50
27.500 0.4629 0.0657 0.0057 0.4657 0.0000 0.0000 0.0000 50
28.500 0.4371 0.1086 0.0143 0.4400 0.0000 0.0000 0.0000 50
29.500 0.2229 0.3200 0.0171 0.4400 0.0000 0.0000 0.0000 50
30.500 0.3143 0.2343 0.0171 0.4343 0.0000 0.0000 0.0000 50
31.500 0.2657 0.2400 0.0229 0.4714 0.0000 0.0000 0.0000 50
32.500 0.3771 0.1743 0.0114 0.4371 0.0000 0.0000 0.0000 50
33.500 0.4114 0.1314 0.0200 0.4371 0.0000 0.0000 0.0000 50
34.500 0.4486 0.1086 0.0000 0.4429 0.0000 0.0000 0.0000 50
35.500 0.4086 0.1314 0.0114 0.4486 0.0000 0.0000 0.0000 50
36.500 0.4314 0.1200 0.0171 0.4314 0.0000 0.0000 0.0000 50
37.500 0.3943 0.1514 0.0171 0.4371 0.0000 0.0000 0.0000 50
38.500 0.4229 0.1400 0.0029 0.4343 0.0000 0.0000 0.0000 50
39.500 0.3800 0.1571 0.0257 0.4371 0.0000 0.0000 0.0000 50
40.500 0.2686 0.2743 0.0143 0.4429 0.0000 0.0000 0.0000 50
41.500 0.3514 0.1886 0.0143 0.4457 0.0000 0.0000 0.0000 50
42.500 0.1486 0.3686 0.0314 0.4514 0.0000 0.0000 0.0000 50
43.500 0.2886 0.2371 0.0143 0.4600 0.0000 0.0000 0.0000 50
44.500 0.3514 0.1400 0.0229 0.4857 0.0000 0.0000 0.0000 50
45.500 0.4086 0.1086 0.0057 0.4771 0.0000 0.0000 0.0000 50
46.500 0.4571 0.1029 0.0029 0.4371 0.0000 0.0000 0.0000 50
47.500 0.2943 0.2286 0.0171 0.4600 0.0000 0.0000 0.0000 50
48.500 0.3800 0.1400 0.0171 0.4629 0.0000 0.0000 0.0000 50
49.500 0.2114 0.2857 0.0286 0.4743 0.0000 0.0000 0.0000 50
50.500 0.3171 0.1943 0.0114 0.4771 0.0000 0.0000 0.0000 50
51.500 0.2600 0.1914 0.0143 0.5343 0.0000 0.0000 0.0000 50
52.500 0.2714 0.2143 0.0114 0.5029 0.0000 0.0000 0.0000 50
53.500 0.3371 0.2000 0.0029 0.4600 0.0000 0.0000 0.0000 50
54.500 0.2600 0.2543 0.0114 0.4743 0.0000 0.0000 0.0000 50
55.500 0.3257 0.1371 0.0114 0.5257 0.0000 0.0000 0.0000 50
56.500 0.2886 0.1971 0.0114 0.5029 0.0000 0.0000 0.0000 50
57.500 0.2943 0.2200 0.0200 0.4657 0.0000 0.0000 0.0000 50
58.500 0.1600 0.3657 0.0114 0.4629 0.0000 0.0000 0.0000 50
59.500 0.2714 0.2086 0.0086 0.5114 0.0000 0.0000 0.0000 50
60.500 0.4771 0.0600 0.0086 0.4543 0.0000 0.0000 0.0000 50
61.500 0.3743 0.1629 0.0086 0.4543 0.0000 0.0000 0.0000 50
62.500 0.2743 0.2143 0.0286 0.4829 0.0000 0.0000 0.0000 50
63.500 0.3714 0.1743 0.0086 0.4457 0.0000 0.0000 0.0000 50
64.500 0.4829 0.0771 0.0000 0.4400 0.0000 0.0000 0.0000 50
65.500 0.4686 0.0857 0.0086 0.4371 0.0000 0.0000 0.0000 50
66.500 0.4000 0.1371 0.0143 0.4486 0.0000 0.0000 0.0000 50
67.500 0.3686 0.1514 0.0029 0.4771 0.0000 0.0000 0.0000 50
68.500 0.3229 0.2029 0.0200 0.4543 0.0000 0.0000 0.0000 50
69.500 0.4400 0.1086 0.0057 0.4457 0.0000 0.0000 0.0000 50
70.500 0.3457 0.1714 0.0114 0.4714 0.0000 0.0000 0.0000 50
71.500 0.4143 0.1257 0.0143 0.4457 0.0000 0.0000 0.0000 50
72.500 0.3600 0.1600 0.0029 0.4771 0.0000 0.0000 0.0000 50
73.500 0.2686 0.2543 0.0086 0.4686 0.0000 0.0000 0.0000 50
74.500 0.3400 0.1857 0.0114 0.4629 0.0000 0.0000 0.0000 50
75.500 0.2800 0.2314 0.0114 0.4771 0.0000 0.0000 0.0000 50
76.500 0.3457 0.1714 0.0200 0.4629 0.0000 0.0000 0.0000 50
77.500 0.3257 0.2086 0.0086 0.4571 0.0000 0.0000 0.0000 50
78.500 0.3914 0.1629 0.0057 0.4400 0.0000 0.0000 0.0000 50
79.500 0.3771 0.1571 0.0114 0.4543 0.0000 0.0000 0.0000 50
80.500 0.4543 0.0971 0.0114 0.4371 0.0000 0.0000 0.0000 50
81.500 0.4600 0.1000 0.0057 0.4343 0.0000 0.0000 0.0000 50
82.500 0.4800 0.0657 0.0086 0.4457 0.0000 0.0000 0.0000 50
83.500 0.4200 0.1343 0.0057 0.4400 0.0000 0.0000 0.0000 50
84.500 0.3800 0.1571 0.0057 0.4571 0.0000 0.0000 0.0000 50
85.500 0.4143 0.1286 0.0086 0.4486 0.0000 0.0000 0.0000 50
86.500 0.4029 0.1514 0.0057 0.4400 0.0000 0.0000 0.0000 50
87.500 0.3886 0.1486 0.0114 0.4514 0.0000 0.0000 0.0000 50
88.500 0.3400 0.1800 0.0086 0.4714 0.0000 0.0000 0.0000 50
89.500 0.4486 0.0886 0.0057 0.4571 0.0000 0.0000 0.0000 50
90.500 0.3286 0.2200 0.0086 0.4429 0.0000 0.0000 0.0000 50
91.500 0.4029 0.1457 0.0057 0.4457 0.0000 0.0000 0.0000 50
92.500 0.4743 0.0829 0.0086 0.4343 0.0000 0.0000 0.0000 50
93.500 0.4143 0.1400 0.0086 0.4371 0.0000 0.0000 0.0000 50
94.500 0.3286 0.2057 0.0114 0.4543 0.0000 0.0000 0.0000 50
95.500 0.2429 0.2971 0.0143 0.4457 0.0000 0.0000 0.0000 50
96.500 0.4686 0.0857 0.0029 0.4429 0.0000 0.0000 0.0000 50
97.500 0.5600 0.0086 0.0000 0.4314 0.0000 0.0000 0.0000 50
98.500 0.5486 0.0171 0.0057 0.4286 0.0000 0.0000 0.0000 50
99.500 0.5658 0.0056 0.0000 0.4286 0.0000 0.0000 0.0000 51
